camera_matrix:
- - 488.5788551597516
  - 0.0
  - 369.1220008021183
- - 0.0
  - 482.7254281077218
  - 235.77124391615956
- - 0.0
  - 0.0
  - 1.0
dist_coeffs:
- - 0.06893347669269977
  - -0.07985128265847694
  - -0.006099817982191426
  - 0.024487247368643314
  - 0.07566428992283382
